½ÌÓý³Ì¶È,×ÜÊý15,ÄÐ15,Å®15,Î´»é×ÜÊý,Î´»éÄÐ,Î´»éÅ®,ÅäÅ¼×ÜÊý,ÅäÅ¼ÄÐ,ÅäÅ¼Å®,Àë»é×ÜÊý,Àë»éÄÐ,Àë»éÅ®,É¥Å¼×ÜÊý,É¥Å¼ÄÐ,É¥Å¼Å®
×Ü¼Æ,105542243,52943450,52598793,22792800,13072317,9720483,75287859,37255009,38032850,1456283,814364,641919,6005301,1801760,4203541
15-19Ëê,9190962,4782846,4408116,9069370,4754173,4315197,120533,28400,92133,937,239,698,122,34,88
15,1725119,915365,809754,1724511,915233,809278,598,129,469,7,1,6,3,2,1
16,1745835,914091,831744,1742651,913488,829163,3157,596,2561,24,6,18,3,1,2
17,1890104,980745,909359,1878604,978470,900134,11395,2251,9144,82,18,64,23,6,17
18,1888012,977703,910309,1854819,970397,884422,32916,7237,25679,251,61,190,26,8,18
19,1941892,994942,946950,1868785,976585,892200,72467,18187,54280,573,153,420,67,17,50
20-24Ëê,11604416,5771671,5832745,8698138,4758294,3939844,2879902,1001960,1877942,23543,10595,12948,2833,822,2011
20,2541160,1278946,1262214,2331335,1226067,1105268,208146,52328,155818,1508,509,999,171,42,129
21,2403729,1198471,1205258,2049798,1102329,947469,351083,95083,256000,2512,963,1549,336,96,240
22,2237240,1110893,1126347,1693849,932118,761731,538738,176836,361902,4121,1790,2331,532,149,383
23,2343655,1160921,1182734,1504958,849661,655297,831477,308002,523475,6442,3032,3410,778,226,552
24,2078632,1022440,1056192,1118198,648119,470079,950458,369711,580747,8960,4301,4659,1016,309,707
25-29Ëê,9278248,4611961,4666287,2682763,1673874,1008889,6498348,2888735,3609613,87451,46195,41256,9686,3157,6529
25,1825649,901688,923961,807666,482710,324956,1006251,413382,592869,10482,5191,5291,1250,405,845
26,1807286,894211,913075,637482,392544,244938,1154975,494224,660751,13317,6951,6366,1512,492,1020
27,1784563,885861,898702,494597,312796,181801,1271543,563675,707868,16631,8784,7847,1792,606,1186
28,2061870,1028817,1033053,440839,285692,155147,1595207,729922,865285,23301,12405,10896,2523,798,1725
29,1798880,901384,897496,302179,200132,102047,1470372,687532,782840,23720,12864,10856,2609,856,1753
30-34Ëê,8999299,4531862,4467437,811360,572135,239225,7994801,3858833,4135968,169137,92936,76201,24001,7958,16043
30,1748871,874828,874043,235365,158705,76660,1482824,700183,782641,27398,14836,12562,3284,1104,2180
31,1830043,921997,908046,187784,130847,56937,1606265,772368,833897,31959,17420,14539,4035,1362,2673
32,1804144,906681,897463,154266,109670,44596,1610676,776525,834151,34462,18905,15557,4740,1581,3159
33,1690978,855326,835652,119731,87365,32366,1531421,747016,784405,34746,19278,15468,5080,1667,3413
34,1925263,973030,952233,114214,85548,28666,1763615,862741,900874,40572,22497,18075,6862,2244,4618
35-39Ëê,11099483,5613221,5486262,458064,361728,96336,10326128,5090384,5235744,254458,140813,113645,60833,20296,40537
35,1982501,1001429,981072,104442,80115,24327,1825936,894143,931793,44062,24447,19615,8061,2724,5337
36,2151131,1083530,1067601,99149,77201,21948,1993610,976393,1017217,48153,26590,21563,10219,3346,6873
37,2250395,1139553,1110842,92227,73018,19209,2094513,1033938,1060575,51514,28500,23014,12141,4097,8044
38,2336699,1181054,1155645,84948,68458,16490,2183074,1077501,1105573,54653,30386,24267,14024,4709,9315
39,2378757,1207655,1171102,77298,62936,14362,2228995,1108409,1120586,56076,30890,25186,16388,5420,10968
40-44Ëê,11881111,5994835,5886276,293283,248967,44316,11176234,5545450,5630784,276787,155031,121756,134807,45387,89420
40,2607916,1316706,1291210,77440,63926,13514,2445634,1210701,1234933,62967,34717,28250,21875,7362,14513
41,2360767,1190535,1170232,61153,51737,9416,2219058,1099155,1119903,57051,31725,25326,23505,7918,15587
42,2572170,1297642,1274528,61097,51963,9134,2420871,1201606,1219265,61029,34094,26935,29173,9979,19194
43,2034454,1024680,1009774,45415,39314,6101,1917420,950774,966646,44950,25642,19308,26669,8950,17719
44,2305804,1165272,1140532,48178,42027,6151,2173251,1083214,1090037,50790,28853,21937,33585,11178,22407
45-49Ëê,10159832,5118861,5040971,182178,159785,22393,9533338,4765640,4767698,237772,129928,107844,206544,63508,143036
45,2297876,1163067,1134809,45596,39926,5670,2160713,1080996,1079717,53014,29654,23360,38553,12491,26062
46,2244611,1128916,1115695,41853,36675,5178,2107016,1050018,1056998,53818,29182,24636,41924,13041,28883
47,2593225,1314190,1279035,45000,39521,5479,2433484,1224935,1208549,62254,33657,28597,52487,16077,36410
48,1941352,976978,964374,31941,28081,3860,1821318,911835,909483,42921,23461,19460,45172,13601,31571
49,1082768,535710,547058,17788,15582,2206,1010807,497856,512951,25765,13974,11791,28408,8298,20110
50-54Ëê,7658776,3891177,3767599,136332,124905,11427,7069758,3583991,3485767,155215,88184,67031,297471,94097,203374
50,1376872,692394,684478,23591,21062,2529,1278118,639940,638178,33412,18540,14872,41751,12852,28899
51,1227864,634338,593526,21271,19208,2063,1137216,586506,550710,27155,15303,11852,42222,13321,28901
52,1620810,825293,795517,29955,27662,2293,1495579,758829,736750,33073,18941,14132,62203,19861,42342
53,1785823,910268,875555,31810,29475,2335,1646573,837986,808587,32980,18943,14037,74460,23864,50596
54,1647407,828884,818523,29705,27498,2207,1512272,760730,751542,28595,16457,12138,76835,24199,52636
55-59Ëê,8011414,4019336,3992078,147629,137837,9792,7229792,3651848,3577944,112906,66243,46663,521087,163408,357679
55,1735209,878073,857136,32086,29814,2272,1585009,803259,781750,27940,16107,11833,90174,28893,61281
56,1745269,877852,867417,31796,29691,2105,1585596,800850,784746,26488,15269,11219,101389,32042,69347
57,1584002,790075,793927,29242,27345,1897,1428984,717355,711629,21822,12986,8836,103954,32389,71565
58,1598225,800381,797844,30006,28110,1896,1431555,723830,707725,20368,12111,8257,116296,36330,79966
59,1348709,672955,675754,24499,22877,1622,1198648,606554,592094,16288,9770,6518,109274,33754,75520
60-64Ëê,5832034,2948425,2883609,111461,104499,6962,4988626,2598115,2390511,59274,36896,22378,672673,208915,463758
60,1359849,684946,674903,25935,24240,1695,1190412,610445,579967,15573,9508,6065,127929,40753,87176
61,1289086,659713,629373,24644,23155,1489,1115047,584723,530324,13344,8255,5089,136051,43580,92471
62,1122945,566205,556740,21510,20166,1344,958921,498343,460578,11180,6945,4235,131334,40751,90583
63,1067659,540955,526704,20258,19028,1230,899915,473582,426333,10011,6410,3601,137475,41935,95540
64,992495,496606,495889,19114,17910,1204,824331,431022,393309,9166,5778,3388,139884,41896,97988
65,11826668,5659255,6167413,202222,176120,26102,7470399,4241653,3228746,78803,47304,31499,4075244,1194178,2881066
Î´ÉÏ¹ýÑ§,6624955,1741497,4883458,371770,302339,69431,3951472,1031934,2919538,49032,23221,25811,2252681,384003,1868678
15-19Ëê,27842,13677,14165,25694,13411,12283,2090,255,1835,33,3,30,25,8,17
15,4497,2317,2180,4464,2308,2156,33,9,24,,,,,,
16,4904,2521,2383,4802,2510,2292,102,11,91,,,,,,
17,5458,2720,2738,5176,2677,2499,271,41,230,3,,3,8,2,6
18,6303,3028,3275,5662,2954,2708,626,72,554,12,1,11,3,1,2
19,6680,3091,3589,5590,2962,2628,1058,122,936,18,2,16,14,5,9
20-24Ëê,54247,22990,31257,32969,19303,13666,20617,3495,17122,447,122,325,214,70,144
20,9753,4435,5318,7383,4126,3257,2319,296,2023,38,10,28,13,3,10
21,10170,4323,5847,6883,3843,3040,3199,454,2745,53,12,41,35,14,21
22,10658,4454,6204,6480,3743,2737,4036,667,3369,94,28,66,48,16,32
23,11782,4924,6858,6472,3973,2499,5153,913,4240,111,24,87,46,14,32
24,11884,4854,7030,5751,3618,2133,5910,1165,4745,151,48,103,72,23,49
25-29Ëê,68062,25724,42338,24005,15881,8124,42428,9334,33094,1087,358,729,542,151,391
25,12389,4869,7520,5244,3330,1914,6875,1452,5423,181,57,124,89,30,59
26,12347,4631,7716,4764,3077,1687,7306,1483,5823,181,44,137,96,27,69
27,13034,4931,8103,4581,3004,1577,8133,1828,6305,230,73,157,90,26,64
28,15448,5796,9652,4955,3373,1582,10089,2302,7787,247,83,164,157,38,119
29,14844,5497,9347,4461,3097,1364,10025,2269,7756,248,101,147,110,30,80
30-34Ëê,95522,34006,61516,22734,16995,5739,69805,15947,53858,1845,744,1101,1138,320,818
30,17171,6147,11024,4634,3273,1361,12044,2716,9328,315,106,209,178,52,126
31,17261,6339,10922,4509,3279,1230,12188,2865,9323,369,134,235,195,61,134
32,19439,7019,12420,4614,3505,1109,14222,3287,10935,359,158,201,244,69,175
33,18939,6713,12226,4224,3201,1023,14086,3288,10798,387,158,229,242,66,176
34,22712,7788,14924,4753,3737,1016,17265,3791,13474,415,188,227,279,72,207
35-39Ëê,157868,51449,106419,26886,22234,4652,125534,27232,98302,2679,1265,1414,2769,718,2051
35,25302,8637,16665,4969,3957,1012,19502,4358,15144,459,215,244,372,107,265
36,28836,9523,19313,5297,4328,969,22540,4815,17725,534,246,288,465,134,331
37,32005,10296,21709,5414,4438,976,25426,5448,19978,532,245,287,633,165,468
38,35004,11290,23714,5519,4668,851,28297,6220,22077,586,261,325,602,141,461
39,36721,11703,25018,5687,4843,844,29769,6391,23378,568,298,270,697,171,526
40-44Ëê,240803,68045,172758,29689,25787,3902,200397,38909,161488,3756,1965,1791,6961,1384,5577
40,46138,13893,32245,6642,5638,1004,37669,7636,30033,749,392,357,1078,227,851
41,44901,13189,31712,5730,4941,789,37278,7617,29661,749,390,359,1144,241,903
42,51712,14424,37288,6281,5445,836,43212,8311,34901,792,393,399,1427,275,1152
43,45537,12427,33110,5151,4503,648,38309,7270,31039,670,363,307,1407,291,1116
44,52515,14112,38403,5885,5260,625,43929,8075,35854,796,427,369,1905,350,1555
45-49Ëê,267622,62934,204688,24405,21738,2667,227187,37407,189780,3397,1773,1624,12633,2016,10617
45,54157,14392,39765,6005,5332,673,45163,8235,36928,756,393,363,2233,432,1801
46,55047,13626,41421,5546,4989,557,46351,7849,38502,726,380,346,2424,408,2016
47,63078,14754,48324,5947,5307,640,53365,8522,44843,807,430,377,2959,495,2464
48,57737,12268,45469,4379,3885,494,49768,7634,42134,657,341,316,2933,408,2525
49,37603,7894,29709,2528,2225,303,32540,5167,27373,451,229,222,2084,273,1811
50-54Ëê,399763,92241,307522,25660,23857,1803,338207,61191,277016,4154,2301,1853,31742,4892,26850
50,52775,12006,40769,3736,3340,396,44876,7745,37131,682,341,341,3481,580,2901
51,53978,12852,41126,3640,3347,293,45780,8549,37231,632,356,276,3926,600,3326
52,83652,19938,63714,5741,5390,351,70555,13052,57503,871,511,360,6485,985,5500
53,103090,23662,79428,6387,6000,387,87362,15834,71528,966,528,438,8375,1300,7075
54,106268,23783,82485,6156,5780,376,89634,16011,73623,1003,565,438,9475,1427,8048
55-59Ëê,694078,158386,535692,35890,33940,1950,572236,109614,462622,5852,3133,2719,80100,11699,68401
55,122745,27567,95178,6960,6576,384,103051,18733,84318,1126,578,548,11608,1680,9928
56,136482,30452,106030,7258,6859,399,113761,20929,92832,1139,607,532,14324,2057,12267
57,140109,31583,108526,7074,6665,409,115718,21899,93819,1230,666,564,16087,2353,13734
58,155814,36489,119325,7962,7570,392,127493,25372,102121,1275,688,587,19084,2859,16225
59,138928,32295,106633,6636,6270,366,112213,22681,89532,1082,594,488,18997,2750,16247
60-64Ëê,766313,190288,576025,35003,33058,1945,579153,131223,447930,5543,2995,2548,146614,23012,123602
60,155054,38574,116480,7690,7240,450,121671,26659,95012,1250,686,564,24443,3989,20454
61,159740,41340,118400,7619,7268,351,123061,28833,94228,1166,628,538,27894,4611,23283
62,151893,37768,114125,6778,6417,361,115211,26139,89072,1113,609,504,28791,4603,24188
63,150398,37062,113336,6569,6192,377,111309,25545,85764,1001,541,460,31519,4784,26735
64,149228,35544,113684,6347,5941,406,107901,24047,83854,1013,531,482,33967,5025,28942
65,3852835,1021757,2831078,88835,76135,12700,1773818,597327,1176491,20239,8562,11677,1969943,339733,1630210
Ð¡Ñ§,25012404,11195068,13817336,1537761,1132416,405345,20561413,8936868,11624545,293224,194394,98830,2620006,931390,1688616
15-19Ëê,313590,159504,154086,287750,154704,133046,25563,4733,20830,234,60,174,43,7,36
15,40587,21954,18633,40320,21915,18405,262,37,225,3,1,2,2,1,1
16,49685,26560,23125,48524,26396,22128,1150,162,988,9,1,8,2,1,1
17,63130,32638,30492,59844,32091,27753,3250,539,2711,29,6,23,7,2,5
18,74632,37247,37385,67075,35910,31165,7482,1316,6166,67,20,47,8,1,7
19,85556,41105,44451,71987,38392,33595,13419,2679,10740,126,32,94,24,2,22
20-24Ëê,682065,297968,384097,365050,211679,153371,312421,84418,228003,3910,1653,2257,684,218,466
20,124350,56845,67505,92742,50258,42484,31236,6457,24779,325,116,209,47,14,33
21,127534,56686,70848,81545,46157,35388,45411,10308,35103,498,190,308,80,31,49
22,132714,57611,75103,71010,41558,29452,60818,15721,45097,744,296,448,142,36,106
23,151474,65104,86370,66629,40277,26352,83640,24299,59341,1012,463,549,193,65,128
24,145993,61722,84271,53124,33429,19695,91316,27633,63683,1331,588,743,222,72,150
25-29Ëê,777432,323937,453495,167872,115523,52349,596412,201878,394534,10900,5753,5147,2248,783,1465
25,139869,58665,81204,42207,27372,14835,95851,30438,65413,1522,751,771,289,104,185
26,143772,59740,84032,36012,24181,11831,105619,34531,71088,1797,918,879,344,110,234
27,145926,60772,85154,31128,21590,9538,112355,37976,74379,2015,1049,966,428,157,271
28,176544,73300,103244,31803,22657,9146,141438,48997,92441,2732,1453,1279,571,193,378
29,171321,71460,99861,26722,19723,6999,141149,49936,91213,2834,1582,1252,616,219,397
30-34Ëê,1172058,480869,691189,119176,95042,24134,1024683,370362,654321,22016,13266,8750,6183,2199,3984
30,189752,77145,112607,25727,19142,6585,159797,55796,104001,3464,1934,1530,764,273,491
31,213140,88404,124736,25053,19559,5494,183141,66185,116956,3944,2302,1642,1002,358,644
32,233775,95629,138146,23723,19065,4658,204351,73417,130934,4452,2696,1756,1249,451,798
33,238981,98587,140394,21256,17524,3732,211786,77715,134071,4595,2856,1739,1344,492,852
34,296410,121104,175306,23417,19752,3665,265608,97249,168359,5561,3478,2083,1824,625,1199
35-39Ëê,2056579,832553,1224026,119746,105816,13930,1880916,695544,1185372,37725,24902,12823,18192,6291,11901
35,331061,135718,195343,23810,20538,3272,298650,110362,188288,6290,3997,2293,2311,821,1490
36,382124,155108,227016,24866,21636,3230,347234,127882,219352,7097,4590,2507,2927,1000,1927
37,413119,167802,245317,24221,21413,2808,377732,140107,237625,7600,5017,2583,3566,1265,2301
38,449228,179975,269253,23838,21388,2450,413098,151650,261448,8127,5480,2647,4165,1457,2708
39,481047,193950,287097,23011,20841,2170,444202,165543,278659,8611,5818,2793,5223,1748,3475
40-44Ëê,2852813,1145183,1707630,107622,99323,8299,2648232,996533,1651699,48761,33546,15215,48198,15781,32417
40,563201,225361,337840,24855,22610,2245,521103,193525,327578,10159,6847,3312,7084,2379,4705
41,551274,223655,327619,21914,20161,1753,511642,194224,317418,9535,6545,2990,8183,2725,5458
42,626197,251870,374327,22813,21112,1701,582175,219945,362230,10757,7315,3442,10452,3498,6954
43,522459,208834,313625,18219,16931,1288,485631,182657,302974,8574,6001,2573,10035,3245,6790
44,589682,235463,354219,19821,18509,1312,547681,206182,341499,9736,6838,2898,12444,3934,8510
45-49Ëê,2469825,927939,1541886,72151,67771,4380,2284307,813698,1470609,37438,25839,11599,75929,20631,55298
45,567152,222524,344628,18446,17273,1173,525344,194580,330764,9203,6494,2709,14159,4177,9982
46,538016,205750,332266,16716,15597,1119,497388,179888,317500,8447,5794,2653,15465,4471,10994
47,599698,225414,374284,17523,16572,951,554398,197509,356889,9138,6342,2796,18639,4991,13648
48,483470,174303,309167,12484,11758,726,447398,153680,293718,6785,4600,2185,16803,4265,12538
49,281489,99948,181541,6982,6571,411,259779,88041,171738,3865,2609,1256,10863,2727,8136
50-54Ëê,2567624,1039505,1528119,64894,62433,2461,2334036,915193,1418843,33061,22823,10238,135633,39056,96577
50,381045,145376,235669,9996,9499,497,348812,127555,221257,5557,3724,1833,16680,4598,12082
51,372530,150633,221897,9673,9227,446,339608,132651,206957,5212,3608,1604,18037,5147,12890
52,541110,219922,321188,14398,13893,505,491492,192771,298721,7230,5066,2164,27990,8192,19798
53,640430,263583,376847,15820,15325,495,581644,232531,349113,7715,5428,2287,35251,10299,24952
54,632509,259991,372518,15007,14489,518,572480,229685,342795,7347,4997,2350,37675,10820,26855
55-59Ëê,3658025,1610067,2047958,79763,77220,2543,3256881,1421784,1835097,37492,25077,12415,283889,85986,197903
55,711557,301409,410148,16666,16155,511,641120,266383,374737,7918,5331,2587,45853,13540,32313
56,760744,329996,430748,17214,16679,535,682194,291882,390312,8081,5355,2726,53255,16080,37175
57,737913,324774,413139,16099,15585,514,657204,286933,370271,7561,5053,2508,57049,17203,39846
58,777676,349932,427744,16267,15734,533,687937,308935,379002,7659,5106,2553,65813,20157,45656
59,670135,303956,366179,13517,13067,450,588426,267651,320775,6273,4232,2041,61919,19006,42913
60-64Ëê,3065955,1482997,1582958,61650,59325,2325,2595266,1282291,1312975,26404,17885,8519,382635,123496,259139
60,690159,321523,368636,14315,13762,553,597263,280527,316736,6311,4199,2112,72270,23035,49235
61,681146,331263,349883,13726,13228,498,583008,288095,294913,5955,4076,1879,78457,25864,52593
62,603035,293467,309568,11989,11523,466,510150,254054,256096,5176,3494,1682,75720,24396,51324
63,572266,282943,289323,11230,10819,411,477850,243460,234390,4745,3278,1467,78441,25386,53055
64,519349,253801,265548,10390,9993,397,426995,216155,210840,4217,2838,1379,77747,24815,52932
65,5396438,2894546,2501892,92087,83580,8507,3602696,2150434,1452262,35283,23590,11693,1666372,636942,1029430
³õÖÐ,45205959,24244157,20961802,9302575,5459991,3842584,34390277,18017548,16372729,677176,399467,277709,835931,367151,468780
15-19Ëê,4147782,2217766,1930016,4062469,2196507,1865962,84632,21077,63555,629,163,466,52,19,33
15,1210948,656037,554911,1210669,655971,554698,274,65,209,4,,4,1,1,
16,808472,435959,372513,806704,435581,371123,1753,373,1380,14,5,9,1,,1
17,690218,369253,320965,682851,367737,315114,7313,1503,5810,47,11,36,7,2,5
18,683874,362066,321808,660821,356701,304120,22872,5321,17551,166,38,128,15,6,9
19,754270,394451,359819,701424,380517,320907,52420,13815,38605,398,109,289,28,10,18
20-24Ëê,5380858,2650038,2730820,3380200,1937888,1442312,1982642,703998,1278644,16372,7697,8675,1644,455,1189
20,1037556,524918,512638,884191,484738,399453,152200,39801,112399,1069,360,709,96,19,77
21,1048819,518160,530659,792533,446207,346326,254329,71214,183115,1768,696,1072,189,43,146
22,1050760,512936,537824,665588,383146,282442,381956,128377,253579,2923,1332,1591,293,81,212
23,1172215,573722,598493,598657,355673,242984,568644,215738,352906,4459,2183,2276,455,128,327
24,1071508,520302,551206,439231,268124,171107,625513,248868,376645,6153,3126,3027,611,184,427
25-29Ëê,4875163,2428646,2446517,1048622,683996,364626,3766665,1712163,2054502,54303,30635,23668,5573,1852,3721
25,962392,471532,490860,316163,198547,117616,638481,269138,369343,7031,3623,3408,717,224,493
26,959714,472942,486772,246998,158942,88056,702964,308815,394149,8862,4883,3979,890,302,588
27,933546,465339,468207,188943,124985,63958,733082,334050,399032,10462,5940,4522,1059,364,695
28,1072931,540037,532894,171997,116140,55857,885416,415334,470082,14092,8106,5986,1426,457,969
29,946580,478796,467784,124521,85382,39139,806722,384826,421896,13856,8083,5773,1481,505,976
30-34Ëê,4798262,2454065,2344197,356138,260350,95788,4338227,2134970,2203257,90804,54279,36525,13093,4466,8627
30,922483,466944,455539,100802,70357,30445,804434,386860,417574,15433,9102,6331,1814,625,1189
31,967042,493239,473803,82074,59387,22687,865341,422676,442665,17401,10399,7002,2226,777,1449
32,955486,487533,467953,67938,50101,17837,866731,425638,441093,18282,10914,7368,2535,880,1655
33,906296,466826,439470,53577,40505,13072,831629,414343,417286,18365,11089,7276,2725,889,1836
34,1046955,539523,507432,51747,40000,11747,970092,485453,484639,21323,12775,8548,3793,1295,2498
35-39Ëê,6099868,3172653,2927215,201765,162182,39583,5735656,2921498,2814158,130037,77536,52501,32410,11437,20973
35,1082099,558364,523735,47097,37019,10078,1007827,506141,501686,22798,13655,9143,4377,1549,2828
36,1185997,611436,574561,44491,35355,9136,1111011,559318,551693,24964,14868,10096,5531,1895,3636
37,1237501,644061,593440,40512,32793,7719,1164233,593231,571002,26317,15726,10591,6439,2311,4128
38,1287798,671469,616329,36960,30164,6796,1215404,621955,593449,27892,16656,11236,7542,2694,4848
39,1306473,687323,619150,32705,26851,5854,1237181,640853,596328,28066,16631,11435,8521,2988,5533
40-44Ëê,6383181,3393683,2989498,110389,93471,16918,6069724,3194341,2875383,137254,81444,55810,65814,24427,41387
40,1416482,745491,670991,31077,25837,5240,1342985,697142,645843,31250,18459,12791,11170,4053,7117
41,1262129,666768,595361,23457,19859,3598,1199039,626071,572968,28013,16574,11439,11620,4264,7356
42,1373194,730365,642829,22686,19234,3452,1306217,688012,618205,30073,17770,12303,14218,5349,8869
43,1094835,585644,509191,16334,14040,2294,1043345,553477,489868,22412,13400,9012,12744,4727,8017
44,1236541,665415,571126,16835,14501,2334,1178138,629639,548499,25506,15241,10265,16062,6034,10028
45-49Ëê,4954604,2676261,2278343,59502,52201,7301,4697846,2527836,2170010,107496,63336,44160,89760,32888,56872
45,1208204,649443,558761,15587,13465,2122,1148353,613866,534487,26208,15387,10821,18056,6725,11331
46,1133648,606095,527553,13951,12187,1764,1075509,572411,503098,25309,14730,10579,18879,6767,12112
47,1261502,682316,579186,14553,12853,1700,1195707,644589,551118,27823,16340,11483,23419,8534,14885
48,892039,487861,404178,10205,9069,1136,845087,461025,384062,17989,10802,7187,18758,6965,11793
49,459211,250546,208665,5206,4627,579,433190,235945,197245,10167,6077,4090,10648,3897,6751
50-54Ëê,2928970,1697982,1230988,31900,28854,3046,2741946,1594256,1147690,62685,37268,25417,92439,37604,54835
50,561390,310989,250401,6434,5761,673,526577,291482,235095,13586,8149,5437,14793,5597,9196
51,481519,278823,202696,5363,4791,572,451478,262078,189400,10828,6433,4395,13850,5521,8329
52,620341,359427,260914,6895,6290,605,580568,337257,243311,13291,7936,5355,19587,7944,11643
53,668262,395762,272500,6886,6289,597,625748,372234,253514,13374,7946,5428,22254,9293,12961
54,597458,352981,244477,6322,5723,599,557575,331205,226370,11606,6804,4802,21955,9249,12706
55-59Ëê,2621922,1587038,1034884,25240,22353,2887,2426037,1484543,941494,46560,27113,19447,124085,53029,71056
55,612256,366608,245648,6510,5822,688,569238,343124,226114,11767,6951,4816,24741,10711,14030
56,593913,355798,238115,5682,5091,591,550843,333283,217560,11349,6532,4817,26039,10892,15147
57,514136,310755,203381,4875,4304,571,475712,290742,184970,8930,5257,3673,24619,10452,14167
58,496783,304671,192112,4652,4097,555,458555,284892,173663,8143,4706,3437,25433,10976,14457
59,404834,249206,155628,3521,3039,482,371689,232502,139187,6371,3667,2704,23253,9998,13255
60-64Ëê,1414359,891595,522764,11493,10012,1481,1273389,820769,452620,17911,11043,6868,111566,49771,61795
60,380196,236194,144002,3158,2722,436,346189,218815,127374,5673,3407,2266,25176,11250,13926
61,318033,201229,116804,2547,2225,322,288307,186163,102144,3971,2383,1588,23208,10458,12750
62,253710,160260,93450,2045,1790,255,228032,147286,80746,3119,1913,1206,20514,9271,11243
63,237016,150635,86381,1873,1634,239,211493,137977,73516,2690,1750,940,20960,9274,11686
64,225404,143277,82127,1870,1641,229,199368,130528,68840,2458,1590,868,21708,9518,12190
65,1600990,1074430,526560,14857,12177,2680,1273513,902097,371416,13125,8953,4172,299495,151203,148292
¸ßÖÐ,17208583,9547986,7660597,6679086,3661288,3017798,10019668,5664229,4355439,290025,136255,153770,219804,86214,133590
15-19Ëê,3909889,2024233,1885656,3902460,2022131,1880329,7391,2092,5299,36,10,26,2,,2
15,459132,230875,228257,459110,230861,228249,22,14,8,,,,,,
16,860399,439663,420736,860278,439631,420647,120,32,88,1,,1,,,
17,1071267,549860,521407,1070788,549726,521062,475,133,342,3,1,2,1,,1
18,892162,469686,422476,890430,469221,421209,1727,463,1264,5,2,3,,,
19,626929,334149,292780,621854,332692,289162,5047,1450,3597,27,7,20,1,,1
20-24Ëê,2369140,1265687,1103453,1965542,1108961,856581,401158,155765,245393,2204,896,1308,236,65,171
20,617088,327822,289266,597449,322684,274765,19562,5111,14451,64,22,42,13,5,8
21,493336,261847,231489,453058,250661,202397,40086,11123,28963,167,55,112,25,8,17
22,434925,233370,201555,362951,207277,155674,71634,25976,45658,300,104,196,40,13,27
23,445446,238832,206614,320821,188140,132681,123858,50366,73492,691,308,383,76,18,58
24,378345,203816,174529,231263,140199,91064,146018,63189,82829,982,407,575,82,21,61
25-29Ëê,1598737,858922,739815,532078,338182,193896,1052273,514026,538247,13475,6459,7016,911,255,656
25,315311,170305,145006,160620,99605,61015,153355,70112,83243,1222,552,670,114,36,78
26,302223,162910,139313,123471,78068,45403,176950,84003,92947,1675,801,874,127,38,89
27,303227,162454,140773,97658,62659,34999,202954,98582,104372,2475,1181,1294,140,32,108
28,360878,193138,167740,89445,57994,31451,267279,133206,134073,3906,1863,2043,248,75,173
29,317098,170115,146983,60884,39856,21028,251735,128123,123612,4197,2062,2135,282,74,208
30-34Ëê,1508201,818339,689862,148142,99158,48984,1324840,702593,622247,32817,15889,16928,2402,699,1703
30,308068,165462,142606,46874,30872,16002,255752,132027,123725,5092,2453,2639,350,110,240
31,323130,174488,148642,35616,23860,11756,280832,147511,133321,6271,2993,3278,411,124,287
32,306659,166398,140261,27846,18689,9157,271566,144302,127264,6772,3275,3497,475,132,343
33,274119,149623,124496,20025,13601,6424,246856,132600,114256,6718,3263,3455,520,159,361
34,296225,162368,133857,17781,12136,5645,269834,146153,123681,7964,3905,4059,646,174,472
35-39Ëê,1556581,868614,687967,61267,42548,18719,1439314,800649,638665,50993,24095,26898,5007,1322,3685
35,292774,161226,131548,15264,10572,4692,268088,146186,121902,8760,4289,4471,662,179,483
36,304616,168682,135934,13525,9312,4213,280847,154788,126059,9381,4358,5023,863,224,639
37,316319,176606,139713,12419,8668,3751,292565,162776,129789,10341,4917,5424,994,245,749
38,322187,180930,141257,10846,7557,3289,299254,167884,131370,10958,5206,5752,1129,283,846
39,320685,181170,139515,9213,6439,2774,298560,169015,129545,11553,5325,6228,1359,391,968
40-44Ëê,1451329,824150,627179,28282,20148,8134,1357400,775495,581905,55560,25641,29919,10087,2866,7221
40,345310,195910,149400,9030,6397,2633,321404,182944,138460,13077,6037,7040,1799,532,1267
41,299948,168926,131022,6212,4482,1730,280063,158448,121615,11825,5484,6341,1848,512,1336
42,314317,178552,135765,5692,4054,1638,293940,167991,125949,12489,5880,6609,2196,627,1569
43,227289,130318,96971,3624,2602,1022,213195,123218,89977,8584,3955,4629,1886,543,1343
44,264465,150444,114021,3724,2613,1111,248798,142894,105904,9585,4285,5300,2358,652,1706
45-49Ëê,1722739,980624,742115,18807,13795,5012,1616474,931742,684732,64080,28454,35626,23378,6633,16745
45,300194,171684,128510,3747,2763,984,281942,162891,119051,11345,5128,6217,3160,902,2258
46,344713,194978,149735,3983,2897,1086,323236,185117,138119,13444,5880,7564,4050,1084,2966
47,469025,265134,203891,5050,3714,1336,440147,252013,188134,17591,7685,9906,6237,1722,4515
48,376075,217273,158802,3686,2680,1006,353579,207029,146550,13073,5853,7220,5737,1711,4026
49,232732,131555,101177,2341,1741,600,217570,124692,92878,8627,3908,4719,4194,1214,2980
50-54Ëê,1373956,805910,568046,10949,8213,2736,1287076,766292,520784,43323,20466,22857,32608,10939,21669
50,300517,171347,129170,2702,2035,667,281031,162396,118635,10809,5086,5723,5975,1830,4145
51,255058,149428,105630,2071,1574,497,238928,142069,96859,8395,3968,4427,5664,1817,3847
52,296734,173764,122970,2329,1772,557,278023,165269,112754,9284,4330,4954,7098,2393,4705
53,288753,171012,117741,2126,1566,560,270828,162884,107944,8406,3973,4433,7393,2589,4804
54,232894,140359,92535,1721,1266,455,218266,133674,84592,6429,3109,3320,6478,2310,4168
55-59Ëê,727801,458231,269570,4808,3458,1350,681203,436814,244389,15506,7559,7947,26284,10400,15884
55,210953,131112,79841,1444,1027,417,197872,125214,72658,5040,2387,2653,6597,2484,4113
56,180528,113352,67176,1201,871,330,169083,108078,61005,4027,1906,2121,6217,2497,3720
57,133408,84399,49009,851,629,222,124922,80420,44502,2724,1371,1353,4911,1979,2932
58,114065,73044,41021,781,567,214,106487,69511,36976,2156,1092,1064,4641,1874,2767
59,88847,56324,32523,531,364,167,82839,53591,29248,1559,803,756,3918,1566,2352
60-64Ëê,390518,247554,142964,2345,1656,689,358241,233336,124905,5984,3158,2826,23948,9404,14544
60,88799,57107,31692,521,394,127,82347,54067,28280,1421,751,670,4510,1895,2615
61,87463,55801,31662,523,336,187,80555,52726,27829,1457,755,702,4928,1984,2944
62,77993,49213,28780,517,355,162,71478,46390,25088,1190,613,577,4808,1855,2953
63,72962,45691,27271,418,307,111,66532,42990,23542,1009,539,470,5003,1855,3148
64,63301,39742,23559,366,264,102,57329,37163,20166,907,500,407,4699,1815,2884
65,599692,395722,203970,4406,3038,1368,494298,345425,148873,6047,3628,2419,94941,43631,51310
´óÑ§×¨¿Æ,6592134,3518974,3073160,2595521,1320514,1275007,3849598,2138010,1711588,96634,39892,56742,50381,20558,29823
15-19Ëê,462270,211746,250524,461554,211561,249993,712,183,529,4,2,2,,,
15,8882,3655,5227,8875,3651,5224,7,4,3,,,,,,
16,19573,8041,11532,19555,8030,11525,18,11,7,,,,,,
17,43131,18586,24545,43067,18558,24509,64,28,36,,,,,,
18,130983,59564,71419,130817,59520,71297,165,44,121,1,,1,,,
19,259701,121900,137801,259240,121802,137438,458,96,362,3,2,1,,,
20-24Ëê,1697537,821756,875781,1569146,778806,790340,127836,42753,85083,513,188,325,42,9,33
20,418679,199732,218947,416185,199158,217027,2482,572,1910,10,1,9,2,1,1
21,386013,187477,198536,379008,185762,193246,6978,1708,5270,20,7,13,7,,7
22,319839,155919,163920,302554,150714,151840,17229,5180,12049,49,22,27,7,3,4
23,310332,150777,159555,269707,137170,132537,40467,13559,26908,153,48,105,5,,5
24,262674,127851,134823,201692,106002,95690,60680,21734,38946,281,110,171,21,5,16
25-29Ëê,1034586,510125,524461,434179,251422,182757,594853,256525,338328,5281,2106,3175,273,72,201
25,215876,106670,109206,140401,77662,62739,75032,28823,46209,412,176,236,31,9,22
26,206349,102444,103905,106878,61796,45082,98856,40416,58440,580,223,357,35,9,26
27,201920,99037,102883,79614,47093,32521,121254,51539,69715,1008,388,620,44,17,27
28,226942,111367,115575,66756,40218,26538,158547,70506,88041,1561,623,938,78,20,58
29,183499,90607,92892,40530,24653,15877,141164,65241,75923,1720,696,1024,85,17,68
30-34Ëê,801627,410597,391030,84604,51600,33004,701877,353032,348845,14308,5778,8530,838,187,651
30,168491,84636,83855,28412,17422,10990,137849,66332,71517,2104,852,1252,126,30,96
31,171736,86932,84804,20524,12598,7926,148423,73237,75186,2642,1069,1573,147,28,119
32,163614,83367,80247,15816,9620,6196,144590,72469,72121,3048,1243,1805,160,35,125
33,144845,74729,70116,10932,6571,4361,130682,66883,63799,3055,1235,1820,176,40,136
34,152941,80933,72008,8920,5389,3531,140333,74111,66222,3459,1379,2080,229,54,175
35-39Ëê,727710,396242,331468,27103,16300,10803,677417,371086,306331,21504,8508,12996,1686,348,1338
35,148519,79464,69055,7473,4503,2970,137001,73389,63612,3811,1527,2284,234,45,189
36,148154,80195,67959,6117,3640,2477,137650,74818,62832,4083,1675,2408,304,62,242
37,148897,81065,67832,5372,3193,2179,138778,76127,62651,4387,1675,2712,360,70,290
38,143782,78892,64890,4386,2687,1699,134418,74297,60121,4576,1821,2755,402,87,315
39,138358,76626,61732,3755,2277,1478,129570,72455,57115,4647,1810,2837,386,84,302
40-44Ëê,560510,319609,240901,9763,5831,3932,528200,305306,222894,19935,7870,12065,2612,602,2010
40,141496,78945,62551,3339,1978,1361,132677,74887,57790,4966,1965,3001,514,115,399
41,119584,67161,52423,2188,1322,866,112445,64006,48439,4451,1718,2733,500,115,385
42,121202,69244,51958,2030,1190,840,114179,66170,48009,4380,1736,2644,613,148,465
43,83664,48778,34886,1170,713,457,79169,46797,32372,2902,1174,1728,423,94,329
44,94564,55481,39083,1036,628,408,89730,53446,36284,3236,1277,1959,562,130,432
45-49Ëê,461401,278154,183247,4258,2506,1752,436946,267982,168964,16707,6786,9921,3490,880,2610
45,99597,59216,40381,1042,636,406,94418,57044,37374,3457,1364,2093,680,172,508
46,105514,62804,42710,968,572,396,99867,60454,39413,3891,1590,2301,788,188,600
47,124560,74984,49576,1120,634,486,117985,72282,45703,4582,1847,2735,873,221,652
48,84730,52265,32465,705,422,283,80351,50443,29908,2967,1228,1739,707,172,535
49,47000,28885,18115,423,242,181,44325,27759,16566,1810,757,1053,442,127,315
50-54Ëê,272282,174773,97509,1875,968,907,258060,168924,89136,8436,3683,4753,3911,1198,2713
50,54602,34238,20364,443,250,193,51621,32979,18642,1913,826,1087,625,183,442
51,45049,28873,16176,315,163,152,42664,27880,14784,1481,646,835,589,184,405
52,56443,36402,20041,394,209,185,53499,35129,18370,1744,803,941,806,261,545
53,60563,39087,21476,403,197,206,57464,37878,19586,1786,739,1047,910,273,637
54,55625,36173,19452,320,149,171,52812,35058,17754,1512,669,843,981,297,684
55-59Ëê,224518,148006,76512,1249,553,696,212561,143274,69287,5385,2372,3013,5323,1807,3516
55,55701,36421,19280,334,154,180,52825,35307,17518,1465,585,880,1077,375,702
56,53129,34556,18573,270,108,162,50270,33438,16832,1350,603,747,1239,407,832
57,42626,27940,14686,214,100,114,40379,27067,13312,1010,459,551,1023,314,709
58,39497,26422,13075,249,101,148,37385,25575,11810,822,383,439,1041,363,678
59,33565,22667,10898,182,90,92,31702,21887,9815,738,342,396,943,348,595
60-64Ëê,140023,97192,42831,655,307,348,130910,93157,37753,2403,1260,1143,6055,2468,3587
60,33556,23069,10487,167,81,86,31528,22174,9354,647,334,313,1214,480,734
61,31640,22123,9517,159,72,87,29680,21252,8428,585,297,288,1216,502,714
62,27363,18947,8416,126,59,67,25617,18167,7450,423,224,199,1197,497,700
63,25318,17722,7596,116,49,67,23595,16991,6604,399,200,199,1208,482,726
64,22146,15331,6815,87,46,41,20490,14573,5917,349,205,144,1220,507,713
65,209670,150774,58896,1135,660,475,180226,135788,44438,2158,1339,819,26151,12987,13164
´óÑ§±¾¿Æ,4470409,2453720,2016689,2120243,1101246,1018997,2278262,1321042,957220,46218,19392,26826,25686,12040,13646
15-19Ëê,328764,155500,173264,328631,155445,173186,132,54,78,1,1,,,,
15,989,481,508,989,481,508,,,,,,,,,
16,2712,1295,1417,2700,1289,1411,12,6,6,,,,,,
17,16793,7622,9171,16774,7615,9159,19,7,12,,,,,,
18,99883,46027,53856,99846,46011,53835,37,16,21,,,,,,
19,208387,100075,108312,208322,100049,108273,64,25,39,1,1,,,,
20-24Ëê,1340854,676302,664552,1306581,665085,641496,34170,11177,22993,91,35,56,12,5,7
20,332646,164699,167947,332317,164613,167704,327,86,241,2,,2,,,
21,333659,168087,165572,332616,167822,164794,1037,262,775,6,3,3,,,
22,273707,139974,133733,270715,139079,131636,2981,888,2093,9,7,2,2,,2
23,224124,114580,109544,214660,111535,103125,9445,3038,6407,16,6,10,3,1,2
24,176718,88962,87756,156273,82036,74237,20380,6903,13477,58,19,39,7,4,3
25-29Ëê,798323,402339,395984,390918,224024,166894,405002,177454,227548,2273,823,1450,130,38,92
25,153206,76774,76432,118023,63881,54142,35061,12859,22202,112,32,80,10,2,8
26,157734,79042,78692,98131,55513,42618,59373,23448,35925,213,77,136,17,4,13
27,162432,81247,81185,76126,44534,31592,85851,36559,49292,424,144,280,31,10,21
28,181766,91695,90071,61971,37554,24417,119040,53869,65171,715,258,457,40,14,26
29,143185,73581,69604,36667,22542,14125,105677,50719,54958,809,312,497,32,8,24
30-34Ëê,543646,289768,253878,64955,39633,25322,471564,247306,224258,6801,2751,4050,326,78,248
30,123415,64320,59095,23304,14348,8956,99139,49599,49540,925,361,564,47,12,35
31,119114,62534,56580,16075,9782,6293,101754,52254,49500,1239,489,750,46,9,37
32,109061,57755,51306,11481,6946,4535,96071,50230,45841,1434,566,868,75,13,62
33,94617,51336,43281,7914,4870,3044,85130,45816,39314,1502,629,873,71,21,50
34,97439,53823,43616,6181,3687,2494,89470,49407,40063,1701,706,995,87,23,64
35-39Ëê,446227,257420,188807,17361,10329,7032,417651,242821,174830,10498,4106,6392,717,164,553
35,91243,51040,40203,4727,2859,1868,84627,47457,37170,1794,704,1090,95,20,75
36,90252,51659,38593,3956,2394,1562,84264,48449,35815,1909,787,1122,123,29,94
37,90962,52498,38464,3439,2027,1412,85252,49588,35664,2133,845,1288,138,38,100
38,88163,51736,36427,2796,1635,1161,82913,49195,33718,2274,861,1413,180,45,135
39,85607,50487,35120,2443,1414,1029,80595,48132,32463,2388,909,1479,181,32,149
40-44Ëê,354966,218410,136556,6445,3776,2669,336926,210157,126769,10533,4179,6354,1062,298,764
40,85899,50837,35062,2112,1226,886,81042,48626,32416,2531,935,1596,214,50,164
41,74986,45471,29515,1384,826,558,71126,43652,27474,2273,934,1339,203,59,144
42,77658,47830,29828,1378,807,571,73708,46027,27681,2323,920,1403,249,76,173
43,55040,34759,20281,806,461,345,52413,33570,18843,1660,683,977,161,45,116
44,61383,39513,21870,765,456,309,58637,38282,20355,1746,707,1039,235,68,167
45-49Ëê,254717,170760,83957,2647,1525,1122,242918,165437,77481,7893,3383,4510,1259,415,844
45,61615,40610,21005,654,383,271,58855,39343,19512,1858,808,1050,248,76,172
46,60330,40065,20265,598,370,228,57628,38862,18766,1809,723,1086,295,110,185
47,67453,45455,21998,706,382,324,64304,44067,20237,2111,908,1203,332,98,234
48,42748,29432,13316,424,235,189,40777,28546,12231,1330,575,755,217,76,141
49,22571,15198,7373,265,155,110,21354,14619,6735,785,369,416,167,55,112
50-54Ëê,106477,73068,33409,932,515,417,101206,70689,30517,3264,1478,1786,1075,386,689
50,24368,16728,7640,252,159,93,23127,16131,6996,803,375,428,186,63,123
51,18024,12360,5664,183,93,90,17134,11954,5180,557,264,293,150,49,101
52,20610,14313,6297,175,95,80,19611,13874,5737,599,262,337,225,82,143
53,22591,15470,7121,159,83,76,21501,14990,6511,669,296,373,262,101,161
54,20884,14197,6687,163,85,78,19833,13740,6093,636,281,355,252,91,161
55-59Ëê,79920,53616,26304,621,283,338,75975,51956,24019,1980,917,1063,1344,460,884
55,20395,13740,6655,152,66,86,19379,13323,6056,582,256,326,282,95,187
56,19133,12643,6490,155,75,80,18173,12221,5952,508,243,265,297,104,193
57,14930,9945,4985,119,58,61,14218,9643,4575,342,164,178,251,80,171
58,13673,9268,4405,92,40,52,13007,9003,4004,297,127,170,277,98,179
59,11789,8020,3769,103,44,59,11198,7766,3432,251,127,124,237,83,154
60-64Ëê,52942,37258,15684,294,129,165,49856,35868,13988,978,517,461,1814,744,1070
60,11613,8117,3496,78,37,41,10966,7856,3110,260,125,135,309,99,210
61,10605,7590,3015,64,23,41,10006,7304,2702,200,108,92,335,155,180
62,8647,6300,2347,54,22,32,8145,6069,2076,149,83,66,299,126,173
63,9391,6652,2739,48,25,23,8850,6380,2470,157,95,62,336,152,184
64,12686,8599,4087,50,22,28,11889,8259,3630,212,106,106,535,212,323
65,163573,119279,44294,858,502,356,142862,108123,34739,1906,1202,704,17947,9452,8495
ÑÐ¾¿Éú,427799,242048,185751,185844,94523,91321,237169,145378,91791,3974,1743,2231,812,404,408
15-19Ëê,825,420,405,812,414,398,13,6,7,,,,,,
15,84,46,38,84,46,38,,,,,,,,,
16,90,52,38,88,51,37,2,1,1,,,,,,
17,107,66,41,104,66,38,3,,3,,,,,,
18,175,85,90,168,80,88,7,5,2,,,,,,
19,369,171,198,368,171,197,1,,1,,,,,,
20-24Ëê,79715,36930,42785,78650,36572,42078,1058,354,704,6,4,2,1,,1
20,1088,495,593,1068,490,578,20,5,15,,,,,,
21,4198,1891,2307,4155,1877,2278,43,14,29,,,,,,
22,14637,6629,8008,14551,6601,7950,84,27,57,2,1,1,,,
23,28282,12982,15300,28012,12893,15119,270,89,181,,,,,,
24,31510,14933,16577,30864,14711,16153,641,219,422,4,3,1,1,,1
25-29Ëê,125945,62268,63677,85089,44846,40243,40715,17355,23360,132,61,71,9,6,3
25,26606,12873,13733,25008,12313,12695,1596,560,1036,2,,2,,,
26,25147,12502,12645,21228,10967,10261,3907,1528,2379,9,5,4,3,2,1
27,24478,12081,12397,16547,8931,7616,7914,3141,4773,17,9,8,,,
28,27361,13484,13877,13912,7756,6156,13398,5708,7690,48,19,29,3,1,2
29,22353,11328,11025,8394,4879,3515,13900,6418,7482,56,28,28,3,3,
30-34Ëê,79983,44218,35765,15611,9357,6254,63805,34623,29182,546,229,317,21,9,12
30,19491,10174,9317,5612,3291,2321,13809,6853,6956,65,28,37,5,2,3
31,18620,10061,8559,3933,2382,1551,14586,7640,6946,93,34,59,8,5,3
32,16110,8980,7130,2848,1744,1104,13145,7182,5963,115,53,62,2,1,1
33,13181,7512,5669,1803,1093,710,11252,6371,4881,124,48,76,2,,2
34,12581,7491,5090,1415,847,568,11013,6577,4436,149,66,83,4,1,3
35-39Ëê,54650,34290,20360,3936,2319,1617,49640,31554,18086,1022,401,621,52,16,36
35,11503,6980,4523,1102,667,435,10241,6250,3991,150,60,90,10,3,7
36,11152,6927,4225,897,536,361,10064,6323,3741,185,66,119,6,2,4
37,11592,7225,4367,850,486,364,10527,6661,3866,204,75,129,11,3,8
38,10537,6762,3775,603,359,244,9690,6300,3390,240,101,139,4,2,2
39,9866,6396,3470,484,271,213,9118,6020,3098,243,99,144,21,6,15
40-44Ëê,37509,25755,11754,1093,631,462,35355,24709,10646,988,386,602,73,29,44
40,9390,6269,3121,385,240,145,8754,5941,2813,235,82,153,16,6,10
41,7945,5365,2580,268,146,122,7465,5137,2328,205,80,125,7,2,5
42,7890,5357,2533,217,121,96,7440,5150,2290,215,80,135,18,6,12
43,5630,3920,1710,111,64,47,5358,3785,1573,148,66,82,13,5,8
44,6654,4844,1810,112,60,52,6338,4696,1642,185,78,107,19,10,9
45-49Ëê,28924,22189,6735,408,249,159,27660,21538,6122,761,357,404,95,45,50
45,6957,5198,1759,115,74,41,6638,5037,1601,187,80,107,17,7,10
46,7343,5598,1745,91,63,28,7037,5437,1600,192,85,107,23,13,10
47,7909,6133,1776,101,59,42,7578,5953,1625,202,105,97,28,16,12
48,4553,3576,977,58,32,26,4358,3478,880,120,62,58,17,4,13
49,2162,1684,478,43,21,22,2049,1633,416,60,25,35,10,5,5
50-54Ëê,9704,7698,2006,122,65,57,9227,7446,1781,292,165,127,63,22,41
50,2175,1710,465,28,18,10,2074,1652,422,62,39,23,11,1,10
51,1706,1369,337,26,13,13,1624,1325,299,50,28,22,6,3,3
52,1920,1527,393,23,13,10,1831,1477,354,54,33,21,12,4,8
53,2134,1692,442,29,15,14,2026,1635,391,64,33,31,15,9,6
54,1769,1400,369,16,6,10,1672,1357,315,62,32,30,19,5,14
55-59Ëê,5150,3992,1158,58,30,28,4899,3863,1036,131,72,59,62,27,35
55,1602,1216,386,20,14,6,1524,1175,349,42,19,23,16,8,8
56,1340,1055,285,16,8,8,1272,1019,253,34,23,11,18,5,13
57,880,679,201,10,4,6,831,651,180,25,16,9,14,8,6
58,717,555,162,3,1,2,691,542,149,16,9,7,7,3,4
59,611,487,124,9,3,6,581,476,105,14,5,9,7,3,4
60-64Ëê,1924,1541,383,21,12,9,1811,1471,340,51,38,13,41,20,21
60,472,362,110,6,4,2,448,347,101,11,6,5,7,5,2
61,459,367,92,6,3,3,430,350,80,10,8,2,13,6,7
62,304,250,54,1,,1,288,238,50,10,9,1,5,3,2
63,308,250,58,4,2,2,286,239,47,10,7,3,8,2,6
64,381,312,69,4,3,1,359,297,62,10,8,2,8,4,4
65,3470,2747,723,44,28,16,2986,2459,527,45,30,15,395,230,165
